3528
4418
442
352
2302
4190
1174
4216
3203
4641
3964
4540
4817
1546
1692
2450
3390
634
2775
295
2731
867
4994
3496
3973
4845
969
4799
2447
1238
2694
2307
2826
3276
890
3443
2929
247
2311
3550
1697
1997
2513
3692
600
4802
4570
1706
171
3645
328
3408
1710
4506
633
4786
2807
1064
3193
1887
2358
2354
1997
1270
2626
421
2004
2005
3535
3
956
4618
1026
4069
2200
2035
3267
4982
721
857
3823
3333
106
3019
2992
537
2177
1849
1439
553
3372
4380
136
2277
1262
3208
2364
3284
3547
4842
4229
4737
2337
985
2307
2630
3970
795
1803
264
2009
2906
2688
3789
3048
2742
4366
1276
3878
79
4376
4601
3810
3702
4667
3541
3797
977
630
1558
887
2327
1611
3890
2994
3370
3523
4525
4325
1466
4540
2418
4635
1194
3612
3082
3273
3803
2193
1571
901
148
1770
3533
65
2597
4801
1913
3211
864
1595
4998
2587
4999
1783
3414
1236
3995
4689
2403
3867
2653
705
1793
227
2007
1212
3628
370
3289
126
4914
2737
2368
3597
3999
2156
3204
2329
4586
3519
2629
3268
605
274
290
51
3188
1259
1772
1301
489
4274
2801
1693
4638
842
1027
4070
3264
1384
43
3694
3385
1344
4485
410
4215
4507
393
4512
3705
2165
3211
456
3042
4921
2422
2157
1811
3222
4348
4901
920
2312
3180
2102
2006
3813
4444
2116
355
4699
4154
1877
4037
4389
1627
4386
935
771
4257
2705
2692
4191
2728
2460
2481
4921
3281
3995
90
189
4432
737
704
3060
2615
1498
38
3338
1922
4128
1388
1894
3006
3240
2545
1231
3724
940
697
2301
3932
2479
4947
2707
326
2715
3034
1304
1469
3582
4532
1285
3116
1122
714
2442
2496
3309
2202
4091
3673
3821
650
3665
941
426
2459
4221
106
1068
4883
3092
856
3773
4212
691
1995
4936
4865
1221
4063
2859
622
2601
1147
3836
874
1441
4525
3032
4290
3897
4753
4756
2753
3611
1317
987
115
4915
3186
1120
1501
3677
1147
2015
3774
2685
1855
1971
1865
2956
4332
158
1250
2604
4758
4045
4495
3577
952
2527
1747
3272
592
3596
2571
2192
680
779
2025
1099
1420
2743
4666
468
1663
1482
2021
2051
1257
895
2308
3108
677
694
4894
3229
649
4653
4230
335
34
2503
4274
3983
1781
3283
3056
4800
3699
1601
3015
803
2065
2876
145
2855
1217
4970
127
450
3469
3158
1296
3746
4233
4478
1378
1429
223
1460
2997
4482
2253
4707
53
2492
4391
1804
4074
3911
800
1434
3158
2060
3890
1170
3140
4709
4488
431
1354
772
218
405
566
3703
4958
1309
1057
1719
2424
4574
2398
4283
1873
1101
3950
3552
4065
3521
2665
4953
3517
4174
1323
494
4081
3316
3078
1759
3856
32
4714
3616
54
4390
1889
1639
3543
3967
3804
1042
4082
3784
4765
98
3784
3520
3239
484
4177
4814
1415
4641
81
1256
1605
4585
908
2716
4463
3847
2493
3733
509
2143
1709
4024
3514
813
2594
2076
2143
3141
1816
571
768
1528
1849
1162
2882
1263
3846
793
3058
3927
3887
688
2294
1761
2666
1684
770
204
4801
1900
517
4237
3389
968
331
490
3870
3884
4588
3413
1505
1296
2298
1206
4828
4345
1350
2423
2220
408
4545
2176
2494
2852
3119
4886
3224
1378
93
3209
790
4635
38
1564
239
1837
2541
111
1363
2060
3763
2357
4636
746
2592
4318
540
4554
766
2713
4186
4317
2022
3088
43
1228
4664
4845
53
3241
1475
4910
470
3448
4271
4193
3280
2373
78
2511
2943
1684
2066
369
3814
4531
1328
164
2626
3425
1534
727
2953
717
506
3190
16
2170
4875
4831
2067
4275
4919
3983
2796
601
1879
2519
74
1924
3358
1704
2489
861
1946
1316
1052
1806
1244
361
1058
765
1854
4353
1322
3717
4738
2827
3262
2085
3347
1698
2767
3346
1298
1914
2177
2768
2705
3498
1630
3086
2152
652
1487
424
71
2992
2050
4207
4208
3247
30
4956
1597
362
3932
4296
440
2173
3509
1468
3237
875
2685
139
1566
2537
2711
2290
2643
4126
1994
3299
489
2706
219
3089
4321
2094
1512
2705
4222
2239
3691
4531
2237
1992
2128
3295
4379
3257
181
1837
1156
1398
334
4363
2163
911
2791
2094
2453
369
3149
893
479
2067
2481
1669
511
1841
4117
263
1455
161
1444
1254
596
508
4355
3373
4445
4369
1470
2173
1245
3803
4608
3271
442
2078
2812
2118
3676
1915
1815
4572
4934
3306
4298
4577
2018
4411
1132
870
4050
3323
239
4273
4834
1759
3030
1107
1391
750
3322
4359
2688
4750
4858
4182
712
287
3665
1183
4773
421
1967
4261
2281
991
783
3838
2814
3246
3037
3963
3095
4512
4932
4685
239
2437
321
1283
849
3785
939
1177
4615
837
4303
4732
2424
1980
1295
3208
3621
3020
4116
92
721
2328
698
1184
1886
4778
1680
2190
1756
4861
3000
3847
2408
4118
31
509
3418
2596
4645
4434
922
3277
2481
567
997
3676
1887
3447
2070
4553
3853
2767
420
3915
3691
365
2400
3157
4219
4931
432
1885
536
1014
731
2842
851
4843
172
1812
500
1634
1988
293
1546
1785
2057
1521
4283
4372
515
4886
4093
2126
4041
4920
1151
3653
3147
3271
4279
4100
1268
1632
3132
1277
3043
317
948
957
2976
1407
800
3836
3012
887
3659
2261
2820
1906
4801
3412
3206
3869
4909
346
4510
778
4552
695
4742
3714
3075
1815
1291
3807
4558
540
2248
4999
2804
2235
2781
1566
854
609
3546
2620
2061
1214
833
2903
4359
4212
1381
3544
587
803
659
1459
313
2859
1450
1952
134
2559
3235
4481
2896
3750
4989
4121
3830
160
1288
1494
4681
196
559
3547
2380
226
3186
3652
125
1318
339
599
3548
1661
2827
4273
4131
2850
1162
3153
2951
4381
2328
4308
3946
2331
3446
2411
4503
1491
625
2037
2301
2707
204
1669
1014
4517
1403
3393
4741
4048
2909
3261
2731
4994
1451
4954
4632
4895
2375
614
3920
3886
2735
3795
876
4645
1915
526
903
1026
2706
1091
2136
3269
2582
913
2578
1184
3193
463
617
714
1348
4634
4458
1741
827
401
3062
1171
2945
4094
994
474
4164
528
1285
2610
3455
4256
1388
3426
3662
1801
1398
2138
1192
2119
1822
211
3832
4210
3566
2201
1375
310
3022
988
2838
1208
2426
4715
2877
3278
4844
930
3007
546
3166
1946
1863
999
4564
3898
120
2216
3576
2894
1595
3283
3842
1260
3449
2386
4454
2202
4578
768
525
2183
1069
3872
911
3653
4432
1578
1645
1234
2214
2979
455
3916
2297
1758
969
4890
2444
2123
660
4343
4174
3005
190
285
4960
4420
3327
1639
323
39
2650
1709
3869
4695
4305
2547
4873
2636
3345
540
3240
570
4737
277
255
2882
586
806
4933
1653
3577
2485
406
3424
3192
4991
2295
4434
2470
2383
4722
470
3809
431
1646
1173
4906
1036
2617
1613
3846
3710
1936
3569
1883
110
1741
65
102
478
3708
1328
2707
2685
2979
2993
417
1033
4998
4284
973
1202
1947
2621
2573
289
4886
1650
2586
110
596
659
4805
3161
4801
3187
32
777
3151
2106
4749
949
1615
2142
4606
1810
3149
2553
4678
1549
34
2255
489
2686
1513
1726
4149
4179
2929
2060
834
961
1987
4576
395
1616
560
3585
1858
3211
2606
860
1214
3975
758
222
3265
777
3992
4305
30
643
865
2929
3317
1157
3869
1626
391
4220
2645
1497
34
4904
3050
3353
3981
3980
4342
2334
3130
294
4059
1310
4045
779
2618
4610
1362
3120
3162
4909
625
4899
4244
1393
1684
2948
2078
3616
3006
4215
4878
842
993
2341
4540
4209
662
1154
3188
285
1502
3543
4619
368
4556
302
3536
2069
2316
3366
280
3212
646
4921
1531
4854
3875
729
3494
4300
2416
4116
4635
4288
4311
3580
4867
2698
3751
4241
678
2490
1196
3821
4120
2232
2813
1000
1426
4776
3166
881
4276
1969
4403
1039
2982
2529
1554
4813
2002
3714
913
4079
703
2655
1239
4278
867
1829
4616
2433
4107
3837
2923
690
4887
4875
258
3709
2685
3975
1112
2587
964
3966
2280
2634
3785
1579
2709
777
4256
951
2889
2882
4733
4759
3990
178
4730
3154
4908
3727
2921
3260
4457
2363
1869
3910
3705
4544
3456
1004
1201
4088
2701
4538
4451
2877
4482
3114
1407
829
3999
2209
4146
3730
268
966
4087
3898
2
2673
3997
226
2824
3475
3679
204
2186
2443
4186
3109
3081
2311
4289
4568
510
3382
484
1097
1005
256
3990
794
4119
2969
2826
1099
1873
4313
2131
4515
4690
3996
711
3342
4864
4710
2423
1262
1746
3994
2029
126
3955
2131
120
4165
2754
4101
555
4884
2493
60
4445
3142
2544
3448
2523
2267
3555
2946
3610
3238
4774
3356
2164
2353
3685
3304
1552
2945
1929
2075
736
3263
2945
4627
1657
4217
1681
3612
3197
2352
49
1804
2732
3122
836
4386
2757
885
2993
2814
3131
347
116
1477
3907
574
1211
527
42
3882
2629
525
4923
4582
1835
1423
3017
497
4973
1168
4091
2371
1928
682
1479
2654
3677
2744
170
2395
3754
2942
483
4911
671
4580
238
4658
749
270
2154
1067
4085
1126
1650
4517
4145
3259
959
3066
1124
287
4782
1136
2417
2563
796
745
2991
4977
3833
1146
3173
2144
3771
2484
3171
2689
544
4595
248
1978
1074
3738
4259
2380
1549
1032
49
1098
1380
773
1463
1100
3828
3972
14
3619
109
1246
2641
1209
369
1335
3843
3737
562
2442
4996
3243
2697
776
1440
4888
3568
316
4637
3853
4848
998
2189
3133
4950
4743
4730
1642
3692
138
1259
2688
2897
4309
1972
2802
3509
4363
3058
4834
1394
3184
697
1588
2248
2849
603
554
4016
1439
1701
4545
2250
4035
2536
3501
4530
4731
3811
3083
4733
2013
3064
1793
4934
224
1499
3341
1245
4222
2138
3036
1194
4991
1628
3893
4810
1234
519
1347
1269
1289
4603
3216
1227
4257
4169
842
1366
2063
4590
3252
167
2839
724
143
4088
3817
1685
1118
429
3076
193
1692
4234
3009
2572
3747
3665
4003
4998
4456
3129
3328
2914
1936
2835
4663
661
987
3673
452
1765
486
271
227
4322
4643
820
3512
2243
2202
880
3566
1521
544
1791
4852
4075
4899
1441
1972
1816
2615
1384
1492
1825
4463
1971
4599
2875
4699
3714
1102
2277
1487
1664
3001
3042
4688
3661
250
2357
1185
1202
2330
3839
41
4901
4651
4548
1642
582
3593
878
3500
4454
3212
4977
1852
3201
2407
668
70
3248
4709
424
4192
2708
837
2590
1409
1896
2128
673
672
1594
21
2017
2778
4189
4641
2475
2826
632
3875
764
1414
4629
4285
3125
1318
1290
2770
2136
3595
4794
569
1347
722
4171
4471
2783
444
1132
3059
2715
4717
1276
1681
997
2610
2090
3743
3540
1941
3977
23
625
1796
4482
2246
1468
1717
2932
3697
2689
2803
3074
4233
4803
2858
2570
1019
2306
3871
767
450
1569
2641
4582
1892
3365
1339
116
4544
2682
3377
4116
956
2571
2348
2432
1942
3592
4770
1138
2473
1013
3471
3275
644
4373
4643
3849
1616
431
3244
1453
4645
165
3639
2702
2999
3632
4732
2367
156
2370
2174
848
968
4419
472
1000
2070
1936
2535
4439
3543
843
3916
3699
978
2561
82
3614
4159
1073
4201
2142
631
2159
2835
4289
4681
4005
1564
3426
3807
3149
272
4445
4704
3805
3176
2033
1350
3793
3984
500
4292
4768
3472
45
2355
2456
3505
2495
4970
2277
1440
396
1310
2003
2794
2829
3500
3845
3982
603
3563
3154
2601
1278
4255
4928
1025
4859
180
3497
2784
1111
262
1449
3508
1419
3652
4129
1741
4522
993
4257
246
3265
4506
403
4508
3274
1865
1582
1606
1054
4580
415
1205
4082
2718
2438
2741
1797
3860
2852
4322
207
819
933
2557
1088
2609
3003
3066
2574
4622
726
4472
398
2403
3357
427
3597
1988
2345
1143
2559
4655
4698
1855
3181
4339
2729
1826
268
4661
2692
2482
942
627
1869
115
3000
4463
1843
2143
2960
252
3739
3244
1567
2562
3059
4826
2171
715
4964
2327
3183
4241
3063
4381
4130
2594
109
979
2375
2486
1151
1901
2492
2609
1662
2476
1148
1250
2284
4301
149
4927
2114
3730
3756
670
2171
628
1717
3883
460
2997
1683
3966
2228
3982
1656
736
398
463
3481
861
387
748
3850
3749
4465
3632
2804
817
479
1042
1395
3581
3371
4015
4059
1294
702
4450
1554
528
2507
1568
2151
3567
1988
4475
4216
3971
267
2671
1240
1103
2043
1431
2310
1891
2848
2298
3766
316
2014
4002
2646
3086
913
2724
3505
4412
1563
900
3014
4679
713
2956
4346
4983
1479
80
778
90
4710
124
1218
2210
4181
3849
247
1673
3606
4496
16
1045
852
2580
2090
3226
2312
1753
450
1462
47
3340
150
1612
1189
3533
1687
2350
3210
2121
3189
1123
2573
1437
3725
922
2096
574
783
1115
2323
3213
966
1190
4709
1923
1922
794
2303
2773
4574
2676
3834
1382
3289
176
3818
2256
1851
1845
48
1619
863
2735
3468
3490
1826
3621
89
441
864
2348
373
369
2240
2668
2257
3675
1866
3598
1703
1786
2657
2574
169
2145
2062
1546
840
826
1033
1170
3424
2645
3556
1081
1889
4799
179
2699
3000
4488
521
1376
4051
326
1860
4298
4650
899
3710
1812
2443
2480
1656
236
4434
3481
2999
3112
1369
3223
2182
3892
1430
4435
3051
3872
4770
902
3846
1313
3266
341
4908
1245
1944
2512
4515
1359
4299
305
2122
132
172
1879
3740
3703
687
848
1578
4
4978
573
1623
3685
1818
1475
2164
4966
124
554
675
2263
353
788
4697
3997
1818
2268
372
4039
1955
1748
4157
2276
3671
3246
380
4872
2424
4467
1650
1061
2179
1545
4602
3534
2729
3377
3893
3137
3183
4213
2517
1215
3280
3888
4390
3860
2247
1658
1172
3485
1331
2742
2461
4256
2015
373
341
2397
1721
3264
3175
612
538
1571
4142
3125
3235
1592
978
1224
3375
4182
2537
767
4652
3854
3441
3299
106
3304
2061
1824
3469
4306
3176
2537
4797
351
621
1057
1102
1388
3753
2561
4996
4173
3778
3828
2423
2842
2849
4069
3137
2773
1030
4320
3234
4785
1288
4965
270
3434
3537
1431
4832
2896
593
2616
1933
1540
2267
3292
1330
4003
3419
2263
3118
727
2270
4149
4239
2615
4506
4219
4186
2152
766
2156
4010
2984
1590
696
3988
341
2362
1329
4326
2703
4640
1720
630
3154
274
409
3061
4880
3944
4760
1758
4242
389
2508
3715
2868
311
2405
1347
151
2916
175
3114
4242
2650
120
2704
396
1622
1023
1143
2672
446
3870
375
2805
2603
4706
379
4718
2810
4156
4578
4676
1621
1823
1722
1285
4293
2859
1040
4295
4860
949
2961
1031
3209
2047
1632
3002
326
517
1700
2964
2316
527
3613
2380
4649
2304
4487
3717
3386
2083
842
4182
3713
4358
1409
3254
4103
999
3018
1328
2090
4781
3759
1985
4891
800
3800
3948
637
3153
281
1078
951
1119
1356
3029
3625
219
4773
2169
2369
693
654
2764
1983
4470
889
4645
4975
2487
3659
2347
1081
445
4996
1712
213
1644
4499
3245
71
2031
2887
322
4344
4882
560
747
1537
2083
3210
392
4042
3532
3041
2115
1370
1420
2192
4065
2533
2289
2553
2009
1043
3100
915
4576
2434
3483
1315
108
4014
2632
1534
4509
338
4585
3969
3459
4311
3678
2545
4967
3110
3699
1761
459
685
1602
1409
4358
3978
3102
4551
1815
673
3307
4197
2735
1046
1187
4583
3050
2979
3564
2184
930
29
2796
1125
821
2291
3525
1835
1030
3612
4364
2923
2135
3260
337
2032
4915
85
258
1378
3095
1956
3239
4484
2051
3453
4256
2659
4174
3250
1789
4929
456
2598
3751
383
1557
4939
1236
3179
1509
4849
743
2731
1297
4996
995
4341
2282
2975
4057
3094
1173
4429
3847
4196
291
3847
2272
1903
2409
3601
617
906
4429
2505
3671
1388
115
789
268
4261
3844
4481
4162
251
2904
1733
1210
2164
577
3583
3226
3870
2799
448
3805
1588
998
564
3171
1925
2445
372
2270
2117
2182
859
1644
4628
3415
4588
31
1580
3594
692
482
2222
4165
3136
4459
647
2765
2338
3635
3381
4281
4122
4040
1070
408
1922
4484
3887
251
67
2624
3029
4215
4350
614
2514
2889
2166
1505
1333
4299
2782
183
4384
492
874
556
4870
51
3670
841
730
2923
723
3760
3092
3059
2645
453
3308
2169
2576
264
3239
139
663
736
2912
1436
4703
647
4441
1977
4328
2432
2114
4699
3025
2858
158
2680
4178
847
970
1515
4857
465
4086
4155
3212
2168
2341
2631
1376
4191
3379
4671
4100
3293
3395
3679
1784
2642
2553
1042
4968
771
1613
3820
3499
4021
4488
84
3746
1186
1937
3334
1065
1401
2039
2738
2277
2133
4377
1747
939
1438
52
3646
3830
177
929
3161
4779
1497
4395
210
756
1869
1217
4535
1167
410
2618
945
2835
195
1322
4872
1174
59
86
3251
1119
3810
2667
1520
4255
2301
1548
4231
1846
118
798
359
2623
2154
3369
558
833
2053
1974
453
335
2649
1986
4292
2377
4396
3554
1184
2100
138
3808
3601
2698
1173
4376
4659
3686
1861
309
4218
1145
4709
3582
4931
1630
4097
1550
883
723
3729
3307
3643
3641
3916
3782
2945
2804
2362
2217
2302
3163
1952
2754
3786
3559
4041
3387
242
2082
2872
79
4881
1050
3445
3065
3922
1425
4350
4031
1532
2616
3259
2834
2433
1772
1593
1794
3553
2629
258
3710
2374
1734
4250
3307
1841
2581
875
1097
1875
4151
2378
2619
4754
3111
4739
1852
4052
1505
3708
2985
12
1811
394
2681
3254
4961
3544
3088
813
3659
4707
4983
4755
4769
33
3481
3045
4854
1839
2587
3182
2952
2824
688
3833
4029
2419
3545
919
3456
3019
249
1602
1355
1821
4818
3393
105
3467
2629
711
1821
4076
3677
32
3994
4986
1183
4554
2666
3335
2817
4732
1606
766
1624
1634
2151
1981
2281
1689
364
3211
338
77
165
2986
317
1851
2183
1002
1659
2017
4281
3456
654
3918
1074
2380
3619
4516
3405
586
1710
364
461
4250
38
1515
484
4844
718
44
1875
4720
867
1711
1161
1431
329
2703
609
4107
548
284
2030
3356
3718
2867
4952
1889
3184
4750
3646
3281
945
2207
216
4099
3274
4109
2337
850
2900
1610
752
693
1575
1166
518
1278
3971
261
4610
4093
767
1493
1505
2370
1856
2869
2376
3720
3265
563
4566
701
2927
2759
1604
3585
1475
2726
711
620
2143
3519
572
4132
1268
517
294
4038
1546
1807
4026
2439
3071
3800
1217
4441
1081
2472
3321
1524
2131
273
1772
1907
1293
1800
4755
2406
3218
2924
1119
855
238
3549
1192
2602
442
4083
192
1816
1810
494
3127
4673
1097
1168
3076
2437
138
2825
1481
694
2882
2889
2131
1437
1887
1607
398
175
2464
3299
1999
3940
702
3805
4268
1652
4683
4717
4036
3564
1566
2420
636
4899
1801
3099
4828
4588
1639
2964
378
4621
3118
2348
908
4062
1645
1535
1676
1510
3487
3503
1168
2218
2573
3742
4119
460
3891
2933
2781
2799
3936
463
2924
1699
187
4698
111
1874
4450
820
3436
2947
453
2110
4491
1127
3016
4344
4754
3641
1366
4456
2907
3986
4082
1308
4458
2662
2973
2067
229
1005
311
2652
1594
4982
3372
456
2964
4223
66
3958
4266
2525
3987
857
4169
1858
125
4688
977
3337
4000
746
2283
917
2390
21
2286
4857
1572
1742
4995
4664
4831
4606
1540
2308
2187
1706
1893
1383
480
1090
2457
4768
3080
2273
3650
712
478
2857
564
3821
962
3374
2411
2723
4766
1568
2145
2022
3511
1726
4863
1814
3159
3928
3455
3490
1128
1459
1371
3460
3710
1907
387
4534
222
2761
3559
2050
4668
3494
4524
2927
717
4650
4575
1043
2962
3835
408
3015
1005
815
1491
2319
3841
4831
1862
4149
2779
310
2620
963
2915
1074
1591
3910
2138
1932
3743
3582
3873
2442
2328
2304
3328
2759
4063
519
1238
2647
4097
3937
1202
4281
3828
3207
1646
912
655
668
3685
1461
2892
390
1045
4321
2486
3648
1394
4668
2242
1483
106
1023
1685
3591
79
4226
3545
54
917
2616
4859
568
1035
2444
3181
2829
2602
1662
3249
653
3644
4449
4174
2413
2721
2404
3932
3756
2253
1520
2370
4106
4337
3801
251
4495
3412
1812
3681
4705
3813
4967
3499
2718
4682
1311
3095
4549
2763
2018
3512
122
4120
960
4730
4101
2652
1772
1612
3440
3049
4790
2717
444
3539
4948
2094
2126
615
1729
66
4740
1243
1985
2683
2031
329
3660
4940
3943
536
2556
864
3708
2342
3775
3232
4588
2598
16
4859
2995
2449
1309
1955
383
4206
186
1700
2986
4706
896
442
4999
490
624
8
3896
92
4798
3831
2584
3081
379
1439
4685
1932
3218
2285
3339
74
516
1609
517
4856
2572
344
2697
4622
4992
3495
1321
2950
2824
4185
4991
4491
3598
704
2516
4371
3374
4973
4993
4951
1099
1684
1183
375
862
2719
2571
4627
243
113
2692
4467
1775
3921
2958
1495
2819
3092
135
4057
3299
4391
1249
2631
778
3512
2
3803
3069
1381
520
2503
3645
859
66
4296
4143
4397
1304
2919
3512
778
4656
1579
2417
4880
2978
2430
2742
2301
1991
2676
3238
142
3656
4831
2739
2830
2384
791
2204
1785
2871
2899
327
1415
3966
2884
2599
4927
3984
3111
4788
4005
3346
3907
4504
1789
99
3517
1804
4703
1926
251
3183
1467
4180
1635
3641
2796
31
2718
2906
1565
702
4653
510
3485
690
3563
2766
1405
1137
491
4551
2968
340
4223
1421
4914
1653
3159
3047
769
637
3003
1200
3298
3779
4991
116
2674
1187
1075
3140
4104
3974
1869
385
244
2498
4658
4960
1897
1309
3052
380
2587
1861
501
3002
1630
1023
1228
4083
3043
3981
1924
1435
2136
650
4180
2669
4728
2684
4146
609
1152
4936
3194
2871
2162
1416
4523
4470
4520
4843
2289
2092
114
1582
2657
2157
1298
2622
2603
4825
1520
4502
670
3031
1905
2846
1872
2351
2820
303
701
4863
4631
92
3656
1745
4696
338
1409
126
4613
462
384
4330
2396
551
3707
2586
4207
4890
2479
4991
1296
3500
2812
2197
2239
4826
1766
180
2595
2348
1764
2552
1975
847
3720
3343
3575
4330
964
1192
1333
141
3585
744
2250
319
3530
1398
4121
2960
3792
4810
49
785
4410
3449
2834
329
1005
1738
738
1786
2881
3339
1117
1163
4825
319
663
89
3873
2630
3908
3164
4047
671
4831
4156
2363
2442
2651
4051
946
2278
3570
1917
3403
4552
719
4646
187
3242
2694
3665
297
1518
2832
4781
2858
3277
1500
803
4440
1873
1674
1210
2214
3773
287
1490
1865
3256
932
4809
3256
237
758
3613
994
2036
4449
4015
269
875
1246
2184
4028
4112
3039
951
4178
1944
4742
2863
3397
4241
4461
1580
3083
75
4971
1769
1301
122
4142
2665
4009
2675
4918
4951
2495
3765
2387
3687
2682
1750
2786
3070
4746
2718
4993
66
1889
3400
827
2339
2761
1205
741
4214
4980
3338
3421
2777
2976
68
331
3895
4832
155
4345
2986
2695
3559
4177
1002
345
1085
2378
1052
1875
2441
301
4166
3060
4616
4513
3873
2477
740
4018
4527
2685
4546
1666
4313
4986
1843
1822
527
4996
2695
860
1492
4963
4666
2664
1177
3788
3219
2677
2804
1988
887
4771
1648
41
1128
2650
3113
2576
2876
4633
2650
3761
3385
2871
3752
1758
3214
1861
940
4998
285
551
276
3543
791
3994
4861
2332
1496
2664
2356
1244
372
1260
3301
1446
1120
4857
1477
3204
4665
1256
2379
2658
4612
3816
2447
583
3664
4690
1881
325
4460
1980
619
3378
3918
101
4826
3214
128
2921
1999
1012
3092
89
1821
1712
4276
2052
3591
1810
2245
2359
1884
3977
1014
4798
1595
1128
3722
3894
2063
2879
1097
2363
929
4656
487
2221
3316
3714
4747
283
1178
2994
4159
2762
3317
782
4023
4761
391
1042
3311
4126
2673
2263
413
2674
1140
1876
1639
463
1128
535
1641
2316
4797
439
4898
4050
6
4055
4403
1690
638
863
1362
803
2824
3511
3853
1769
3889
4273
861
2080
137
3629
380
492
2539
3381
2165
1207
3019
402
1351
2597
2501
3796
2425
3303
1607
2928
1268
3323
902
2065
308
4743
2520
451
2391
2759
4759
2253
4092
4903
3677
1560
4769
3017
787
4202
237
4806
3586
1709
3377
4382
477
319
2501
2001
3682
2727
144
2921
104
2805
281
3881
3014
485
3440
1338
2118
1156
3662
4155
2233
3519
4957
4766
2193
1862
2120
1518
4276
3231
4468
4943
3139
3831
1747
3204
1264
494
1659
2793
588
3123
3944
1542
1130
1392
2723
408
4103
3141
4710
923
2587
742
2910
2325
2303
1943
4304
713
2773
313
62
4312
4275
1081
4420
855
3443
971
1335
1902
2242
967
4137
888
1779
3081
997
1242
2192
2334
1804
4851
599
3381
4022
2641
2099
4158
548
3608
702
3253
2497
3630
3091
1153
4126
603
4916
2838
4337
3130
512
3926
4464
2506
2835
2232
3162
3468
305
282
2890
4207
3040
4177
2374
2402
233
1768
1453
4658
1767
1751
3570
4213
529
2035
2041
1563
557
654
4317
4854
1682
3191
4586
3413
98
1542
4660
1896
2250
249
2413
3875
4100
594
1831
489
1520
4841
487
1361
1636
3000
2201
2293
3730
3280
554
1405
755
2684
4082
671
3203
3712
2606
246
159
1436
4066
1365
267
206
4228
273
4203
3712
726
430
1938
1571
4454
377
2032
1078
198
3310
2258
4925
2782
2189
648
2280
2240
2324
2354
3404
857
4009
571
1115
1068
1339
983
4837
3824
2818
980
788
90
2226
3817
1319
2837
2482
1519
187
3024
1563
4749
2774
1222
2281
1015
4465
897
4328
1440
227
925
2082
1164
4814
3812
2017
1153
3886
3538
3484
4674
2968
4624
4954
4402
4946
3433
3311
1551
3857
4656
3948
2659
3967
4750
4849
4492
2467
1233
3270
1320
4631
2318
1149
2879
1856
4752
2259
2314
3065
1899
3637
1833
1627
99
3163
3517
2241
2515
216
4090
2932
3364
207
996
3449
450
150
3387
2547
1965
770
3980
616
2806
3514
1744
4008
1975
262
3107
3734
3848
4363
2793
1361
2188
3088
4756
4909
2909
969
3724
3550
1734
2535
4555
3638
3584
4168
175
646
4440
4590
241
3303
766
3035
3085
3515
4014
680
3003
1138
3193
3928
2649
2805
4491
4495
4783
296
1792
879
3237
335
1093
1788
2916
3150
3508
1929
3750
4404
1134
2236
4525
694
877
3559
2021
2708
4962
799
2162
4382
176
1002
225
4907
930
4897
3973
4816
4294
1179
705
3375
1877
2121
1596
4189
1201
2432
4572
3356
3010
4102
3154
4037
4625
2277
4428
1668
2604
3047
2617
1649
4756
1760
1609
493
4007
3574
190
2828
2135
906
3699
2807
2125
2869
1847
2560
3159
1287
1070
1868
1741
463
3463
3921
3481
4668
2864
613
2277
4293
103
795
3879
451
574
4513
139
2118
3118
4309
3606
3472
1849
3393
3652
794
4928
2115
1927
2663
3982
1997
1447
3199
3243
1243
2838
1331
521
316
3136
3863
685
2394
2454
3015
1359
1232
4376
4697
3282
3585
217
35
3205
3984
3050
1963
2025
3067
3010
2534
4061
2877
4420
4831
2745
2652
1944
247
2548
3973
2266
1769
2668
4701
2509
3775
737
2639
3062
2385
4390
66
294
1907
1700
4667
901
4555
1459
4463
2936
2202
3769
3236
531
2461
635
794
865
3794
3838
2611
1025
2260
1010
3938
2872
2731
3359
3373
4018
2883
4387
2974
2694
2137
2391
412
1595
4704
2776
3183
983
744
276
3749
3509
1652
2040
4970
4541
312
3419
4167
2248
4460
78
196
4384
4520
396
2461
1705
4763
2464
4724
874
4250
308
1893
3378
3381
1780
4812
2672
3406
4296
4583
3703
705
477
3911
3149
3294
3692
224
494
3628
4040
4020
950
2851
3776
3928
1448
2511
867
4564
4486
69
3108
4493
2307
4291
317
855
2384
1309
3012
1535
3549
2142
4454
3670
2834
636
2912
242
4668
1382
813
2748
2729
1538
788
2593
4000
3298
3634
3773
150
1987
3229
3289
2439
118
485
3611
4312
1127
1955
4259
4277
4765
4552
3451
201
1389
2228
956
2201
233
3550
1022
85
1446
179
1251
2022
4919
3850
4001
1366
2354
3381
4932
2231
3907
103
3788
139
1316
2989
726
3554
1054
2726
985
2988
4513
4276
2572
93
462
3183
2655
789
2185
1711
3075
4808
2978
2686
1537
4023
274
477
397
120
525
4604
606
1150
1755
3436
224
3921
2414
2660
3928
2690
3257
231
788
4527
2889
3248
3164
1084
2479
3998
3059
432
4237
4349
4350
1819
1506
1770
1498
221
3512
2593
2640
643
4957
405
4
4380
3617
3890
3322
4825
3479
556
376
1956
4686
1138
2958
1807
1283
4639
19
4608
1002
2649
3444
2793
1684
4942
3268
4348
3895
3194
3890
3383
3722
3526
1402
1429
722
3169
2385
2892
589
4165
4833
2623
3062
2367
4516
2007
2227
