152
393
378
269
225
153
156
483
172
259
200
290
359
202
389
352
213
82
29
464
199
287
172
167
236
87
15
77
369
406
212
102
464
79
251
461
181
249
498
231
164
308
126
440
238
449
251
343
394
7
288
492
439
106
369
153
270
414
9
488
441
60
426
419
285
319
257
463
359
296
281
290
21
393
104
375
491
439
389
196
233
419
79
341
153
163
342
45
352
394
377
17
428
359
156
121
51
166
367
262
351
105
122
73
54
114
472
95
136
412
257
410
433
455
412
21
389
251
476
429
325
431
304
310
467
323
361
274
235
65
433
161
372
120
317
259
93
49
176
164
362
20
23
361
460
57
307
369
388
131
480
205
248
341
82
391
64
324
410
468
54
312
330
185
151
434
228
168
240
152
61
239
322
312
6
206
79
453
113
445
251
229
491
208
489
79
262
375
41
278
356
132
400
354
21
431
71
495
376
200
132
54
5
28
94
350
425
441
441
483
333
101
76
388
288
232
204
361
187
431
495
355
25
287
66
379
30
193
433
187
116
17
27
292
193
103
21
17
480
156
486
388
443
200
382
444
139
141
253
492
138
286
316
47
206
300
163
346
159
340
374
237
289
146
71
389
53
183
464
140
332
175
132
443
178
129
61
47
322
80
212
212
351
440
75
213
62
132
379
144
425
422
235
242
22
122
127
474
420
390
456
79
99
390
207
413
276
84
383
88
423
88
25
260
181
275
249
382
472
451
214
186
322
302
270
434
12
272
465
226
273
226
84
84
380
28
77
75
362
40
41
103
195
49
13
105
426
283
418
397
439
18
241
455
42
300
131
492
357
464
351
95
438
94
207
481
51
257
51
196
63
406
9
379
366
216
477
307
91
199
185
82
428
353
230
478
17
377
158
341
205
210
53
155
286
288
497
159
234
3
238
272
466
170
18
40
262
261
445
189
378
251
123
388
349
312
220
209
376
18
215
235
145
97
92
381
271
452
290
295
256
244
157
4
137
467
378
121
442
472
176
50
157
408
330
361
167
325
108
192
53
479
495
287
104
297
225
268
7
47
169
385
117
472
228
52
316
96
158
402
84
341
140
238
185
366
422
304
326
175
438
355
181
281
16
475
80
438
226
303
71
398
223
70
129
101
219
204
463
231
